SetDesc: "MSHT 2020 LO (68% C.L>). mem=0 => central value; mem=1-60 => 30 eigenvector sets (+/- directions). See Section 5.3.2 of arXiv:2012.04684 for error calculation. Web address: www.hep.ucl.ac.uk/msht"
SetIndex: 27000
Authors: S. Bailey, T. Cridge, L.A. Harland-Lang, A.D. Martin, R. S. Thorne
Reference: arXiv:2012.04684
Format: lhagrid1
DataVersion: 4
NumMembers: 61
Flavors: [-5, -4, -3, -2, -1, 1, 2, 3, 4, 5, 21]
OrderQCD: 0
FlavorScheme: variable
NumFlavors: 5
ErrorType: hessian
XMin: 0.1000E-05
XMax: 1.00
QMin: 1.00
QMax: 0.3162E+05
MZ: 91.1876
MUp: 0
MDown: 0
MStrange: 0
MCharm: 1.40
MBottom:  4.75
MTop: 1e+10
AlphaS_MZ: 0.130000
AlphaS_OrderQCD: 0
AlphaS_Type: ipol
AlphaS_Qs: [0.1000000E+01, 0.1118034E+01, 0.1224745E+01, 0.1400000E+01, 0.1400000E+01, 0.1581139E+01, 0.1788854E+01, 0.2000000E+01, 0.2236068E+01, 0.2529822E+01, 0.2828427E+01, 0.3162278E+01, 0.3464102E+01, 0.4750000E+01, 0.4750000E+01, 0.5099020E+01, 0.6324555E+01, 0.8000000E+01, 0.1000000E+02, 0.1264911E+02, 0.1549193E+02, 0.2000000E+02, 0.2529822E+02, 0.3162278E+02, 0.4242641E+02, 0.5656854E+02, 0.7483315E+02, 0.1000000E+03, 0.1341641E+03, 0.1788854E+03, 0.2366432E+03, 0.3162278E+03, 0.4242641E+03, 0.5656854E+03, 0.7483315E+03, 0.1000000E+04, 0.1341641E+04, 0.1788854E+04, 0.2366432E+04, 0.3162278E+04, 0.4242641E+04, 0.5656854E+04, 0.7483315E+04, 0.1000000E+05, 0.1341641E+05, 0.1788854E+05, 0.2366432E+05, 0.3162278E+05]
AlphaS_Vals: [0.5038612E+00, 0.4663117E+00, 0.4395475E+00, 0.4054108E+00, 0.4054106E+00, 0.3805163E+00, 0.3582031E+00, 0.3401720E+00, 0.3238692E+00, 0.3075626E+00, 0.2941742E+00, 0.2819027E+00, 0.2726111E+00, 0.2446826E+00, 0.2446825E+00, 0.2396103E+00, 0.2254150E+00, 0.2117295E+00, 0.2001888E+00, 0.1893211E+00, 0.1808514E+00, 0.1712020E+00, 0.1631907E+00, 0.1562481E+00, 0.1479578E+00, 0.1406527E+00, 0.1342079E+00, 0.1281251E+00, 0.1224968E+00, 0.1174467E+00, 0.1129188E+00, 0.1085816E+00, 0.1045121E+00, 0.1008136E+00, 0.9745910E-01, 0.9421112E-01, 0.9113225E-01, 0.8830732E-01, 0.8572280E-01, 0.8319986E-01, 0.8078943E-01, 0.7856149E-01, 0.7650933E-01, 0.7449320E-01, 0.7255499E-01, 0.7075300E-01, 0.6908418E-01, 0.6743617E-01]
